#
#  DijetAngularCMS-CT10nlo-8TeV
#  Mass bin starting at 3000 GeV
#  All chi bins
#
# | Xlow(1) | Xhigh(2) | delta^tree(3) | delta^loop(4) |
   1.0        2.0      1.72774e-01     -6.72706e-02
   2.0        3.0      1.21327e-01     -6.85709e-02
   3.0        4.0      9.04051e-02     -6.75407e-02
   4.0        5.0      7.25998e-02     -6.55098e-02
   5.0        6.0      6.13341e-02     -6.31680e-02
   6.0        7.0      5.36417e-02     -6.10310e-02
   7.0        8.0      4.80931e-02     -5.91015e-02
   8.0        9.0      4.39031e-02     -5.69024e-02
   9.0       10.0      4.06137e-02     -5.52936e-02
  10.0       12.0      3.68747e-02     -5.29383e-02
  12.0       14.0      3.32054e-02     -5.02114e-02
  14.0       16.0      3.05275e-02     -4.78623e-02
