#
#  DijetAngularCMS-CT10nlo-8TeV
#  Mass bin starting at 2400 GeV
#  All chi bins
#
# | Xlow(1) | Xhigh(2) | delta^tree(3) | delta^loop(4) |
   1.0        2.0      1.32880e-01     -5.92110e-02
   2.0        3.0      9.46029e-02     -5.86646e-02
   3.0        4.0      7.11484e-02     -5.66326e-02
   4.0        5.0      5.74675e-02     -5.43028e-02
   5.0        6.0      4.87522e-02     -5.19960e-02
   6.0        7.0      4.27962e-02     -4.98917e-02
   7.0        8.0      3.84671e-02     -4.79477e-02
   8.0        9.0      3.51858e-02     -4.62187e-02
   9.0       10.0      3.26215e-02     -4.45978e-02
  10.0       12.0      2.96840e-02     -4.25379e-02
  12.0       14.0      2.67957e-02     -4.01202e-02
  14.0       16.0      2.46752e-02     -3.80708e-02
