#
#  DijetAngularCMS-CT10nlo-8TeV
#  Mass bin starting at 1900 GeV
#  All chi bins
#
# | Xlow(1) | Xhigh(2) | delta^tree(3) | delta^loop(4) |
   1.0        2.0      9.56126e-02     -4.97740e-02
   2.0        3.0      6.89693e-02     -4.79885e-02
   3.0        4.0      5.23429e-02     -4.56729e-02
   4.0        5.0      4.25411e-02     -4.32362e-02
   5.0        6.0      3.62668e-02     -4.10947e-02
   6.0        7.0      3.19501e-02     -3.91491e-02
   7.0        8.0      2.88083e-02     -3.74472e-02
   8.0        9.0      2.64239e-02     -3.59156e-02
   9.0       10.0      2.45430e-02     -3.45590e-02
  10.0       12.0      2.23946e-02     -3.27852e-02
  12.0       14.0      2.02703e-02     -3.07540e-02
  14.0       16.0      1.86997e-02     -2.90513e-02
