#
#  DijetAngularCMS-CT10nlo-8TeV
#  Mass bin starting at 1500 GeV
#  All chi bins
#
# | Xlow(1) | Xhigh(2) | delta^tree(3) | delta^loop(4) |
   1.0        2.0      6.58249e-02     -4.01723e-02
   2.0        3.0      4.80305e-02     -3.80581e-02
   3.0        4.0      3.67422e-02     -3.56814e-02
   4.0        5.0      3.00360e-02     -3.34344e-02
   5.0        6.0      2.57213e-02     -3.14972e-02
   6.0        7.0      2.27454e-02     -2.98675e-02
   7.0        8.0      2.05783e-02     -2.84284e-02
   8.0        9.0      1.89175e-02     -2.71438e-02
   9.0       10.0      1.76131e-02     -2.60473e-02
  10.0       12.0      1.61103e-02     -2.45624e-02
  12.0       14.0      1.46146e-02     -2.29037e-02
  14.0       16.0      1.35020e-02     -2.15788e-02
