#
#  DijetAngularCMS-CT10nlo-8TeV
#  Mass bin starting at 3600 GeV
#  All chi bins
#
# | Xlow(1) | Xhigh(2) | delta^tree(3) | delta^loop(4) |
   1.0        2.0      2.10007e-01     -7.28507e-02
   2.0        3.0      1.45684e-01     -7.67963e-02
   3.0        4.0      1.07707e-01     -7.58586e-02
   4.0        5.0      8.60737e-02     -7.56845e-02
   5.0        6.0      7.24314e-02     -7.36405e-02
   6.0        7.0      6.31693e-02     -7.15520e-02
   7.0        8.0      5.65333e-02     -6.93934e-02
   8.0        9.0      5.14712e-02     -6.74237e-02
   9.0       10.0      4.75737e-02     -6.56230e-02
  10.0       12.0      4.31007e-02     -6.30276e-02
  12.0       14.0      3.87380e-02     -5.99869e-02
  14.0       16.0      3.55597e-02     -5.73456e-02
