#
#  DijetAngularCMS-CT10nlo-8TeV
#  Mass bin starting at 4200 GeV
#  All chi bins
#
# | Xlow(1) | Xhigh(2) | delta^tree(3) | delta^loop(4) |
   1.0        2.0      2.43055e-01     -7.54223e-02
   2.0        3.0      1.66810e-01     -8.22723e-02
   3.0        4.0      1.22629e-01     -8.45777e-02
   4.0        5.0      9.75284e-02     -8.41637e-02
   5.0        6.0      8.18681e-02     -8.22271e-02
   6.0        7.0      7.12773e-02     -8.06097e-02
   7.0        8.0      6.36988e-02     -7.85106e-02
   8.0        9.0      5.78074e-02     -7.65361e-02
   9.0       10.0      5.34858e-02     -7.46203e-02
  10.0       12.0      4.83761e-02     -7.21524e-02
  12.0       14.0      4.34152e-02     -6.87722e-02
  14.0       16.0      3.98328e-02     -6.61655e-02
