#bin2: MJJ [2.400000e+03, 3.000000e+03] 
# | Chi_low(1) | Chi_upp(2) | K(3) |
1.000000e+00 2.000000e+00 1.005405e+00 
2.000000e+00 3.000000e+00 9.916640e-01 
3.000000e+00 4.000000e+00 9.843952e-01 
4.000000e+00 5.000000e+00 9.810948e-01 
5.000000e+00 6.000000e+00 9.795980e-01 
6.000000e+00 7.000000e+00 9.789414e-01 
7.000000e+00 8.000000e+00 9.791170e-01 
8.000000e+00 9.000000e+00 9.790692e-01 
9.000000e+00 1.000000e+01 9.794683e-01 
1.000000e+01 1.200000e+01 9.799952e-01 
1.200000e+01 1.400000e+01 9.808393e-01 
1.400000e+01 1.600000e+01 9.816492e-01 
