# | Chi_low(1) | Chi_upp(2) | K(3) |
1.000000e+00 2.000000e+00 1.103031e+00 
2.000000e+00 3.000000e+00 1.032621e+00 
3.000000e+00 4.000000e+00 9.950258e-01 
4.000000e+00 5.000000e+00 9.761851e-01 
5.000000e+00 6.000000e+00 9.665682e-01 
6.000000e+00 7.000000e+00 9.596800e-01 
7.000000e+00 8.000000e+00 9.560538e-01 
8.000000e+00 9.000000e+00 9.545474e-01 
9.000000e+00 1.000000e+01 9.525548e-01 
1.000000e+01 1.200000e+01 9.520598e-01 
1.200000e+01 1.400000e+01 9.521300e-01 
1.400000e+01 1.600000e+01 9.524196e-01 
