#bin3: MJJ [3.000000e+03, 3.600000e+03] 
# | Chi_low(1) | Chi_upp(2) | K(3) |
1.000000e+00 2.000000e+00 1.018312e+00 
2.000000e+00 3.000000e+00 9.970324e-01 
3.000000e+00 4.000000e+00 9.854464e-01 
4.000000e+00 5.000000e+00 9.797434e-01 
5.000000e+00 6.000000e+00 9.769876e-01 
6.000000e+00 7.000000e+00 9.755861e-01 
7.000000e+00 8.000000e+00 9.749913e-01 
8.000000e+00 9.000000e+00 9.748763e-01 
9.000000e+00 1.000000e+01 9.748913e-01 
1.000000e+01 1.200000e+01 9.753007e-01 
1.200000e+01 1.400000e+01 9.760375e-01 
1.400000e+01 1.600000e+01 9.769112e-01 
