# | Chi_low(1) | Chi_upp(2) | K(3) |
1.000000e+00 2.000000e+00 1.051429e+00 
2.000000e+00 3.000000e+00 1.011682e+00 
3.000000e+00 4.000000e+00 9.897792e-01 
4.000000e+00 5.000000e+00 9.786330e-01 
5.000000e+00 6.000000e+00 9.729165e-01 
6.000000e+00 7.000000e+00 9.695441e-01 
7.000000e+00 8.000000e+00 9.678411e-01 
8.000000e+00 9.000000e+00 9.669495e-01 
9.000000e+00 1.000000e+01 9.663985e-01 
1.000000e+01 1.200000e+01 9.662733e-01 
1.200000e+01 1.400000e+01 9.666561e-01 
1.400000e+01 1.600000e+01 9.673606e-01 
