# | Chi_low(1) | Chi_upp(2) | K(3) |
1.000000e+00 2.000000e+00 1.068920e+00 
2.000000e+00 3.000000e+00 1.018773e+00 
3.000000e+00 4.000000e+00 9.921169e-01 
4.000000e+00 5.000000e+00 9.780624e-01 
5.000000e+00 6.000000e+00 9.707858e-01 
6.000000e+00 7.000000e+00 9.666251e-01 
7.000000e+00 8.000000e+00 9.643957e-01 
8.000000e+00 9.000000e+00 9.626012e-01 
9.000000e+00 1.000000e+01 9.619478e-01 
1.000000e+01 1.200000e+01 9.615965e-01 
1.200000e+01 1.400000e+01 9.617204e-01 
1.400000e+01 1.600000e+01 9.623916e-01 
