# | Chi_low(1) | Chi_upp(2) | K(3) |
1.000000e+00 2.000000e+00 1.034346e+00 
2.000000e+00 3.000000e+00 1.003923e+00 
3.000000e+00 4.000000e+00 9.875001e-01 
4.000000e+00 5.000000e+00 9.791643e-01 
5.000000e+00 6.000000e+00 9.749343e-01 
6.000000e+00 7.000000e+00 9.725424e-01 
7.000000e+00 8.000000e+00 9.713472e-01 
8.000000e+00 9.000000e+00 9.706380e-01 
9.000000e+00 1.000000e+01 9.706613e-01 
1.000000e+01 1.200000e+01 9.707104e-01 
1.200000e+01 1.400000e+01 9.713898e-01 
1.400000e+01 1.600000e+01 9.721345e-01 
