# | Chi_low(1) | Chi_upp(2) | K(3) |
1.000000e+00 2.000000e+00 1.122302e+00 
2.000000e+00 3.000000e+00 1.039266e+00 
3.000000e+00 4.000000e+00 9.965458e-01 
4.000000e+00 5.000000e+00 9.749272e-01 
5.000000e+00 6.000000e+00 9.619277e-01 
6.000000e+00 7.000000e+00 9.550332e-01 
7.000000e+00 8.000000e+00 9.509685e-01 
8.000000e+00 9.000000e+00 9.483418e-01 
9.000000e+00 1.000000e+01 9.468470e-01 
1.000000e+01 1.200000e+01 9.457337e-01 
1.200000e+01 1.400000e+01 9.447424e-01 
1.400000e+01 1.600000e+01 9.457074e-01 
