# | Chi_low(1) | Chi_upp(2) | K(3) |
1.000000e+00 2.000000e+00 1.085841e+00 
2.000000e+00 3.000000e+00 1.026056e+00 
3.000000e+00 4.000000e+00 9.938660e-01 
4.000000e+00 5.000000e+00 9.775480e-01 
5.000000e+00 6.000000e+00 9.683931e-01 
6.000000e+00 7.000000e+00 9.634422e-01 
7.000000e+00 8.000000e+00 9.601222e-01 
8.000000e+00 9.000000e+00 9.585628e-01 
9.000000e+00 1.000000e+01 9.576467e-01 
1.000000e+01 1.200000e+01 9.568982e-01 
1.200000e+01 1.400000e+01 9.568301e-01 
1.400000e+01 1.600000e+01 9.575509e-01 
