#bin1: MJJ [1.900000e+03, 2.400000e+03] 
# | Chi_low(1) | Chi_upp(2) | K(3) |
1.000000e+00 2.000000e+00 9.972772e-01 
2.000000e+00 3.000000e+00 9.889935e-01 
3.000000e+00 4.000000e+00 9.849372e-01 
4.000000e+00 5.000000e+00 9.832574e-01 
5.000000e+00 6.000000e+00 9.826857e-01 
6.000000e+00 7.000000e+00 9.826697e-01 
7.000000e+00 8.000000e+00 9.829776e-01 
8.000000e+00 9.000000e+00 9.832644e-01 
9.000000e+00 1.000000e+01 9.836984e-01 
1.000000e+01 1.200000e+01 9.843492e-01 
1.200000e+01 1.400000e+01 9.851729e-01 
1.400000e+01 1.600000e+01 9.859601e-01 
